%YAML:1.0
---
projection_parameters: !!opencv-matrix
   rows: 3
   cols: 3
   dt: d
   data: [ 1.6189501377565136e+03, 0., 9.9950000000000000e+02, 0.,
       1.6176844665507226e+03, 7.4950000000000000e+02, 0., 0., 1. ]
distortion_parameters: !!opencv-matrix
   rows: 1
   cols: 5
   dt: d
   data: [ 1.7934598469826110e-01, -1.4835054918378658e+00,
       7.5087850606098919e-04, -9.0691400045530624e-04,
       3.3082124320631610e+00 ]
